25
0 1 30.33397493245448
1 2 84.57570279605646
2 3 46.606789042692554
3 4 8.980304320829006
4 5 20.46795120296393
5 6 92.80438735995314
6 7 22.720050856300194
7 8 82.37692204387258
8 9 60.63495906970464
9 10 94.12509743564281
10 11 75.48890260853324
11 12 75.68295676356374
12 13 52.777273970408935
13 14 70.02841147626516
14 15 75.62987121232125
15 16 66.71688135626697
16 17 36.527440861125264
17 18 21.453758025742673
18 19 3.1204572411042517
19 20 70.67837011053679
20 21 23.19494558227887
21 22 95.27046634861676
22 23 88.69173115568698
23 24 20.865883368947586